25
-125;125;-75;75;
0
-75;125;-25;75;
2
-45;0.3999996;79;
-25.14;0.3999996;75.28;
-25;125;25;75;
1
-25.14;0.3999996;75.28;
25;125;75;75;
3
32.137;3.24;88.139;
34.11638;0;78.90081;
65.266;1.7;88.368;
75;125;125;75;
3
88.231;3.4331;121.11;
88.6;4.2;74.3;
126.1;-0.5;96.7;
-125;75;-75;25;
0
-75;75;-25;25;
4
-61.9;0.2900009;60.9;
-50.15;-1.01;25.22;
-46.05;-1.01;50.45;
-25.14;0.3999996;75.28;
-25;75;25;25;
4
-25.14;0.3999996;75.28;
-16.127;0.23;23.948;
10.3;0.2900009;45.4;
27.168;0.3999996;63.48666;
25;75;75;25;
2
27.168;0.3999996;63.48666;
29.14236;-0.07999992;37.96014;
75;75;125;25;
3
88.6;4.2;74.3;
90;-0.07999992;55.2;
112.7;-1.01;33.2;
-125;25;-75;-25;
1
-84.6;0.23;12.1;
-75;25;-25;-25;
2
-51.7;0.3999996;5.8;
-50.15;-1.01;25.22;
-25;25;25;-25;
4
-16.127;0.23;23.948;
-10.3;-0.07999992;-20.5;
-5.827929;-3.2;-3.279434;
9.470637;-2.8;10.1151;
25;25;75;-25;
2
37.999;-0.11;17.082;
47.23;-0.29;-13.18249;
75;25;125;-25;
1
96.90758;1.5;13.46543;
-125;-25;-75;-75;
1
-84.5;0.3999996;-75.1;
-75;-25;-25;-75;
3
-54.7;0.2900009;-68.2;
-49;0.23;-37.7;
-32.91;0.2900009;-62.06;
-25;-25;25;-75;
7
-16.01;0.3999996;-43.96;
-14.01;-0.07999992;-69.46;
-0.51;-0.49;-35.27;
4;0.23;-29.8;
6.45;0.2900009;-62.95;
23.35;0.3999996;-44.85;
25.35;-0.07999992;-70.35;
25;-25;75;-75;
3
23.35;0.3999996;-44.85;
25.35;-0.07999992;-70.35;
37.47089;0.1;-28.85778;
75;-25;125;-75;
0
-125;-75;-75;-125;
1
-84.5;0.3999996;-75.1;
-75;-75;-25;-125;
1
-33.9;0.3999996;-91.8;
-25;-75;25;-125;
0
25;-75;75;-125;
2
31.1;0;-78.3;
62.4;1.3;-100.6;
75;-75;125;-125;
1
91.32;-0.24;-76.48;
