25;
-125;125;-75;75;
0;
-75;125;-25;75;
2;
-45;0.3999996;79;0;0.6;
-25.14;0.3999996;75.28;0;0.6;
-25;125;25;75;
1;
-25.14;0.3999996;75.28;0;0.6;
25;125;75;75;
3;
32.137;3.24;88.139;0;0.49;
34.11638;0;78.90081;0;0.49;
65.266;1.7;88.368;0;0.6;
75;125;125;75;
3;
88.231;3.4331;121.11;0;0.49;
88.6;4.2;74.3;0;0.49;
126.1;-0.5;96.7;0;0.49;
-125;75;-75;25;
0;
-75;75;-25;25;
4;
-61.9;0.2900009;60.9;0;0.49;
-50.15;-1.01;25.22;0;0.49;
-46.05;-1.01;50.45;0;0.49;
-25.14;0.3999996;75.28;0;0.6;
-25;75;25;25;
4;
-16.127;0.23;23.948;0;0.49;
10.3;0.2900009;45.4;0;0.49;
27.168;0.3999996;63.48666;0;0.6;
-25.14;0.3999996;75.28;0;0.6;
25;75;75;25;
2;
29.14236;-0.07999992;37.96014;0;0.49;
27.168;0.3999996;63.48666;0;0.6;
75;75;125;25;
3;
88.6;4.2;74.3;0;0.49;
90;-0.07999992;55.2;0;0.49;
112.7;-1.01;33.2;0;0.49;
-125;25;-75;-25;
1;
-84.6;0.23;12.1;0;0.49;
-75;25;-25;-25;
2;
-51.7;0.3999996;5.8;0;0.6;
-50.15;-1.01;25.22;0;0.49;
-25;25;25;-25;
4;
-16.127;0.23;23.948;0;0.49;
-10.3;-0.07999992;-20.5;0;0.49;
-5.827929;-3.2;-3.279434;0;0.49;
9.470637;-2.8;10.1151;0;0.49;
25;25;75;-25;
2;
37.999;-0.11;17.082;0;0.6;
47.23;-0.29;-13.18249;0;0.6;
75;25;125;-25;
1;
96.90758;1.5;13.46543;0;0.49;
-125;-25;-75;-75;
1;
-84.5;0.3999996;-75.1;0;0.6;
-75;-25;-25;-75;
3;
-54.7;0.2900009;-68.2;0;0.49;
-49;0.23;-37.7;0;0.49;
-32.91;0.2900009;-62.06;0;0.49;
-25;-25;25;-75;
7;
-16.01;0.3999996;-43.96;0;0.6;
-14.01;-0.07999992;-69.46;0;0.49;
-0.51;-0.49;-35.27;0;0.49;
4;0.23;-29.8;0;0.49;
6.45;0.2900009;-62.95;0;0.49;
23.35;0.3999996;-44.85;0;0.6;
25.35;-0.07999992;-70.35;0;0.49;
25;-25;75;-75;
3;
37.47089;0.1;-28.85778;0;0.49;
23.35;0.3999996;-44.85;0;0.6;
25.35;-0.07999992;-70.35;0;0.49;
75;-25;125;-75;
0;
-125;-75;-75;-125;
1;
-84.5;0.3999996;-75.1;0;0.6;
-75;-75;-25;-125;
1;
-33.9;0.3999996;-91.8;0;0.6;
-25;-75;25;-125;
0;
25;-75;75;-125;
2;
31.1;0;-78.3;0;0.49;
62.4;1.3;-100.6;0;0.49;
75;-75;125;-125;
1;
91.32;-0.24;-76.48;0;0.49;
